12 0.05832774638444593 0.18586713112714606 0.055024803316595296 0.09155590943020651
12 0.12574739693789594 0.18785767603881562 0.0377731183384186 0.07165245085842249
12 0.18629852094079657 0.18785767603881562 0.05529842242806519 0.07165245085842249
12 0.2498460738571839 0.18785767603881562 0.04376537687960923 0.07165245085842249
12 0.9356383488171631 0.18785767603881562 0.04429893414697552 0.07165245085842249
12 0.05832774638444593 0.5043543169942771 0.055024803316595296 0.09155590943020651
12 0.12574739693789594 0.5063448619059467 0.0377731183384186 0.07165245085842249
12 0.18629852094079657 0.5063448619059467 0.05529842242806519 0.07165245085842249
12 0.2498460738571839 0.5063448619059467 0.04376537687960923 0.07165245085842249
12 0.9356383488171631 0.5063448619059467 0.04429893414697552 0.07165245085842249
12 0.05832774638444593 0.8228415028614083 0.055024803316595296 0.09155590943020651
12 0.12574739693789594 0.8248320477730778 0.0377731183384186 0.07165245085842249
12 0.18629852094079657 0.8248320477730778 0.05529842242806519 0.07165245085842249
12 0.2498460738571839 0.8248320477730778 0.04376537687960923 0.07165245085842249
12 0.9356383488171631 0.8248320477730778 0.04429893414697552 0.07165245085842249
2 0.5 0.5063448619059467 0.9663962127327705 0.859915401841254
2 0.18929494985428325 0.18785767603881562 0.17888270143801224 0.15924359293356558
2 0.18929494985428325 0.5063448619059467 0.17888270143801224 0.15924359293356558
2 0.18929494985428325 0.8248320477730778 0.17888270143801224 0.15924359293356558
7 0.8105955915552697 0.18785767603881562 0.16900406365017034 0.1512814132868873
7 0.8105955915552697 0.5063448619059467 0.16900406365017034 0.1512814132868873
7 0.8105955915552697 0.8248320477730778 0.16900406365017034 0.1512814132868873
3 0.8476404832596768 0.18785767603881562 0.24309384705898449 0.1512814132868873
3 0.8476404832596768 0.5063448619059467 0.24309384705898449 0.1512814132868873
3 0.8476404832596768 0.8248320477730778 0.24309384705898449 0.1512814132868873
1 0.9356451899790661 0.18785767603881562 0.06708443362020605 0.1512814132868873
1 0.9356451899790661 0.5063448619059467 0.06708443362020605 0.1512814132868873
1 0.9356451899790661 0.8248320477730778 0.06708443362020605 0.1512814132868873
0 0.05832774638444593 0.18785767603881562 0.05503030634723002 0.15924359293356558
0 0.12574739693789594 0.18785767603881562 0.051787595605237595 0.15924359293356558
0 0.18629852094079657 0.18785767603881562 0.06931465240056371 0.15924359293356558
0 0.2498460738571839 0.18785767603881562 0.05778045343221093 0.15924359293356558
0 0.05832774638444593 0.5063448619059467 0.05503030634723002 0.15924359293356558
0 0.12574739693789594 0.5063448619059467 0.051787595605237595 0.15924359293356558
0 0.18629852094079657 0.5063448619059467 0.06931465240056371 0.15924359293356558
0 0.2498460738571839 0.5063448619059467 0.05778045343221093 0.15924359293356558
0 0.05832774638444593 0.8248320477730778 0.05503030634723002 0.15924359293356558
0 0.12574739693789594 0.8248320477730778 0.051787595605237595 0.15924359293356558
0 0.18629852094079657 0.8248320477730778 0.06931465240056371 0.15924359293356558
0 0.2498460738571839 0.8248320477730778 0.05778045343221093 0.15924359293356558