12 0.09385390014640087 0.5119945167923236 0.12607000560975276 0.2522023303632625
12 0.20556323285946884 0.5174777244688142 0.05529842242806519 0.19737573680603152
12 0.2691107857758562 0.5174777244688142 0.04376537687960923 0.19737573680603152
12 0.33779605128134965 0.5174777244688142 0.06557282006375963 0.19737573680603152
12 0.8296413862930481 0.5174777244688142 0.0717702929385527 0.19737573680603152
12 0.920861439106818 0.5174777244688142 0.0826329716639074 0.19737573680603152
2 0.5 0.5174777244688142 0.9663962127327705 0.6141192597669637
2 0.570046656724178 0.5174777244688142 0.7982815001299821 0.43865661411925977
2 0.2802345150300327 0.5174777244688142 0.21865721674169142 0.43865661411925977
2 0.8779673539753992 0.5174777244688142 0.1824401056275398 0.43865661411925977
0 0.34378206794642 0.5174777244688142 0.09156211090891678 0.43865661411925977
0 0.09385390014640087 0.5174777244688142 0.12608261387113986 0.43865661411925977
0 0.20556323285946884 0.5174777244688142 0.06931465240056371 0.43865661411925977
0 0.2691107857758562 0.5174777244688142 0.05778045343221093 0.43865661411925977
0 0.8296413862930481 0.5174777244688142 0.08578817026283744 0.43865661411925977
0 0.920861439106818 0.5174777244688142 0.09665193536470235 0.43865661411925977