12 0.4042510980064854 0.20934891485809684 0.03922329962920903 0.09615065108514191
12 0.46493220408554187 0.20934891485809684 0.026089582278654207 0.09615065108514191
12 0.5190457947377782 0.20934891485809684 0.026089582278654207 0.09615065108514191
12 0.5877379014051747 0.20934891485809684 0.055243698605771205 0.09615065108514191
12 0.5 0.5085141903171954 0.10081496162108172 0.09615065108514191
12 0.7580759916264178 0.8076794657762938 0.03922329962920903 0.09615065108514191
12 0.8187570977054743 0.8076794657762938 0.026089582278654207 0.09615065108514191
12 0.8728706883577106 0.8076794657762938 0.026089582278654207 0.09615065108514191
12 0.9415627950251071 0.8076794657762938 0.055243698605771205 0.09615065108514191
2 0.5 0.5085141903171954 0.9663962127327705 0.8120200333889817
2 0.5 0.20934891485809684 0.9663962127327705 0.21368948247078465
2 0.5 0.8076794657762938 0.9663962127327705 0.21368948247078465
10 0.5 0.5085141903171954 0.9663962127327705 0.12821368948247078
0 0.46493220408554187 0.20934891485809684 0.05411359065223638 0.21368948247078465
0 0.5190457947377782 0.20934891485809684 0.05411359065223638 0.21368948247078465
0 0.5877379014051747 0.20934891485809684 0.0832706226825564 0.21368948247078465
0 0.8187570977054743 0.8076794657762938 0.05411359065223638 0.21368948247078465
0 0.8728706883577106 0.8076794657762938 0.05411359065223638 0.21368948247078465
0 0.9415627950251071 0.8076794657762938 0.0832706226825564 0.21368948247078465
0 0.4042510980064854 0.20934891485809684 0.06724862150587656 0.21368948247078465
0 0.7580759916264178 0.8076794657762938 0.06724862150587656 0.21368948247078465