12 0.09385390014640087 0.5119945167923236 0.12607000560975276 0.2522023303632625
12 0.19679970446180578 0.5174777244688142 0.0377731183384186 0.19737573680603152
12 0.24274494780193467 0.5174777244688142 0.026089582278654207 0.19737573680603152
12 0.30259143212883277 0.5174777244688142 0.06557282006375963 0.19737573680603152
12 0.9356383488171631 0.5174777244688142 0.04429893414697552 0.19737573680603152
2 0.5 0.5174777244688142 0.9663962127327705 0.6141192597669637
2 0.570046656724178 0.5174777244688142 0.7982815001299821 0.43865661411925977
2 0.26263220545377425 0.5174777244688142 0.18345259758917454 0.43865661411925977
7 0.8105955915552697 0.5174777244688142 0.16900406365017034 0.4167237834132968
3 0.8476404832596768 0.5174777244688142 0.24309384705898449 0.4167237834132968
0 0.30857744879390314 0.5174777244688142 0.09156211090891678 0.43865661411925977
1 0.9356451899790661 0.5174777244688142 0.06708443362020605 0.4167237834132968
0 0.09385390014640087 0.5174777244688142 0.12608261387113986 0.43865661411925977
0 0.19679970446180578 0.5174777244688142 0.051787595605237595 0.43865661411925977
0 0.24274494780193467 0.5174777244688142 0.04010289107502018 0.43865661411925977